15 100
11 0
3 6
7 2
14 4
1 8
2 0
7 6
14 5
14 11
11 10
6 10
14 7
5 0
6 8
9 3
12 11
2 13
12 3
5 7
14 3
5 11
9 5
11 8
4 6
5 8
14 10
7 0
7 11
12 13
7 13
4 0
9 7
9 11
12 6
8 10
5 2
0 10
8 0
1 14
1 9
9 8
5 3
3 0
7 10
4 5
12 10
4 8
9 0
4 10
4 13
12 8
4 2
13 8
2 8
1 10
12 9
3 11
2 6
14 0
13 10
2 10
11 13
14 8
3 8
9 6
3 10
12 1
1 4
3 13
12 5
7 8
6 11
7 3
1 5
1 7
4 11
12 0
9 2
13 0
9 10
14 9
2 3
12 7
5 6
1 6
4 9
12 14
9 13
4 3
4 7
1 3
12 4
14 13
2 11
5 10
14 2
1 2
6 13
1 0
12 2
