500 1000
58 32
173 207
94 72
268 318
129 120
492 397
171 339
234 495
164 379
193 263
226 272
407 137
160 394
308 39
72 112
63 41
344 152
453 93
310 487
18 376
40 187
327 422
448 339
266 400
208 184
306 391
199 127
263 199
74 338
323 92
331 455
241 101
483 101
224 182
412 284
378 355
352 213
327 145
80 416
115 495
415 403
183 175
484 207
161 257
241 461
361 126
104 251
205 155
413 30
42 71
213 185
17 60
415 325
268 65
387 478
217 14
273 139
254 79
436 307
309 20
153 317
98 42
314 103
144 316
306 76
106 95
352 428
10 349
345 434
74 189
354 42
236 301
54 362
90 494
2 65
183 33
499 247
5 496
129 87
315 187
230 173
341 360
246 108
349 12
195 452
410 40
133 209
4 36
223 479
299 26
393 304
90 187
197 279
236 7
41 453
24 374
117 259
60 346
181 20
466 469
54 257
87 100
308 245
359 32
263 132
417 168
64 186
246 294
67 420
233 296
249 398
82 57
266 89
414 191
158 400
325 37
160 346
317 63
70 259
10 330
19 113
386 10
76 168
281 252
153 299
246 412
445 295
382 110
62 291
406 297
70 260
204 41
363 322
353 201
197 412
224 463
228 113
67 133
145 80
225 338
164 78
248 478
421 396
383 266
284 447
320 190
22 336
146 55
147 434
359 164
275 462
494 350
53 139
254 99
244 229
11 72
66 60
412 40
251 487
136 27
375 0
342 87
332 419
331 143
197 308
222 262
194 222
433 401
342 369
436 326
65 418
489 496
462 36
26 462
214 63
430 322
213 186
292 28
246 184
332 73
52 28
464 79
178 202
98 451
122 72
344 220
214 46
407 223
311 99
78 413
388 71
138 488
235 420
349 109
254 175
73 42
182 211
258 315
136 68
195 1
329 3
313 121
269 59
23 322
85 321
373 247
194 256
468 427
115 315
446 382
318 126
137 223
219 191
5 127
80 60
118 204
483 98
261 364
286 497
344 270
266 270
333 294
408 341
405 461
482 413
299 187
434 117
172 220
262 86
352 78
417 450
383 432
476 110
126 101
267 6
185 12
161 489
37 1
44 267
210 469
306 370
219 348
380 10
97 56
145 294
81 373
87 426
382 101
327 116
156 358
242 478
116 333
194 45
418 1
114 350
305 206
279 162
156 483
77 182
77 451
342 418
9 114
451 321
21 307
464 318
154 458
77 247
382 52
48 141
424 328
359 450
429 50
236 52
491 156
67 297
377 376
197 227
137 83
428 360
315 259
434 439
203 422
163 450
251 103
412 125
81 222
136 77
365 499
167 7
365 154
366 71
387 114
120 468
42 267
413 184
179 422
153 365
432 199
310 47
256 478
45 189
399 481
223 55
105 368
52 135
2 484
256 240
210 357
330 363
181 270
190 143
229 95
216 368
385 488
284 31
279 399
90 111
459 324
404 386
329 456
129 357
332 43
295 410
244 422
362 312
233 458
121 6
321 420
419 416
176 259
10 113
489 132
195 432
148 73
351 24
448 123
376 368
293 426
177 99
250 115
329 41
344 256
470 333
402 18
202 360
120 178
414 0
130 55
182 394
446 77
420 40
219 394
384 130
329 423
75 315
438 211
289 225
253 61
366 493
445 133
334 360
197 381
73 307
79 381
239 280
253 72
483 410
159 60
15 410
421 311
25 1
193 111
203 167
488 127
329 128
408 124
499 285
101 155
340 48
383 449
159 200
428 55
75 108
218 149
68 364
233 124
465 199
296 467
5 125
231 311
368 151
409 435
236 21
473 112
219 108
29 125
498 339
275 112
156 112
498 304
319 117
158 139
203 259
228 496
399 71
144 159
317 199
279 367
359 315
303 286
403 245
29 223
448 46
418 307
329 122
222 116
17 386
238 132
136 43
42 390
385 276
0 333
137 455
279 100
440 459
322 113
43 410
148 205
308 420
282 396
303 195
182 291
370 337
290 420
282 1
11 222
434 333
85 273
354 169
377 36
352 318
414 454
177 185
255 79
305 469
142 155
181 333
278 469
59 470
292 444
371 429
22 471
82 474
292 69
355 272
264 130
63 135
309 202
234 109
334 467
116 60
260 469
409 391
387 331
184 444
290 72
17 324
104 154
385 346
29 10
282 107
78 67
455 381
215 369
389 247
423 366
295 416
239 128
482 401
167 429
294 155
313 494
498 325
37 486
460 347
222 332
386 379
11 141
164 143
360 139
421 7
43 175
265 113
74 314
53 455
345 57
77 405
371 4
41 154
334 3
273 207
74 334
143 485
208 441
265 93
215 247
407 238
407 462
327 106
5 463
116 202
121 31
351 330
418 103
421 327
82 418
58 19
229 458
478 135
492 188
433 206
136 8
389 125
159 157
476 266
94 496
466 114
179 497
377 281
266 217
470 391
246 91
360 55
83 481
180 254
186 31
82 79
347 22
477 220
262 374
492 322
66 422
191 357
306 257
53 145
474 152
160 336
152 283
421 170
76 460
145 168
361 439
27 35
79 34
231 299
371 276
315 166
235 322
262 10
233 285
377 468
354 100
195 28
286 95
457 275
420 366
415 196
379 189
414 317
181 182
284 37
395 43
464 95
268 476
476 35
437 374
408 165
196 454
118 207
339 396
476 421
481 485
174 207
85 234
102 31
188 481
326 113
385 408
56 459
140 93
450 499
434 261
185 198
143 316
372 307
220 307
74 84
85 146
392 294
330 495
284 293
151 103
380 65
158 388
199 113
274 286
387 45
230 301
103 444
303 101
233 459
85 481
75 468
120 143
168 472
376 61
302 106
274 240
479 285
98 338
233 260
455 112
388 327
365 119
74 95
419 422
494 33
384 225
303 470
267 128
404 67
82 343
445 370
280 381
318 205
413 96
156 50
345 82
434 410
419 80
317 458
115 177
451 249
380 282
387 272
361 360
320 310
292 132
360 461
45 36
228 114
208 51
56 108
17 405
94 296
429 6
342 101
490 149
60 360
136 292
215 280
52 346
158 216
11 464
18 378
70 404
370 322
196 113
13 185
94 184
136 7
385 13
249 19
101 157
436 339
387 154
375 65
146 301
97 379
446 398
417 126
263 474
430 14
230 267
419 264
386 331
318 36
253 79
142 328
356 333
214 95
453 461
69 479
356 231
111 19
23 280
243 240
381 496
403 420
219 183
176 0
190 83
219 425
23 46
156 331
372 495
395 351
160 472
384 416
406 493
4 71
168 103
2 140
170 281
273 481
222 240
142 120
425 278
349 57
475 283
492 464
433 0
484 397
132 157
344 112
326 286
158 185
411 31
190 464
28 50
266 403
66 166
72 497
144 483
484 142
234 127
356 387
147 87
233 252
418 322
123 252
415 472
368 187
129 485
340 167
388 479
246 185
5 438
382 20
344 335
146 166
372 174
152 71
213 249
60 189
475 152
345 280
232 192
203 427
408 399
105 367
334 189
137 346
442 211
5 205
223 90
388 110
365 130
448 113
218 287
273 240
178 113
298 467
331 21
28 13
371 321
334 200
228 165
321 212
415 26
229 13
255 398
224 73
368 394
375 202
34 109
378 439
85 134
69 341
137 35
142 291
368 411
344 334
90 128
82 428
290 312
161 1
17 316
161 133
46 139
387 355
126 106
347 57
489 86
446 496
111 326
316 288
80 381
174 113
118 225
389 61
216 441
201 65
185 394
445 487
162 274
464 316
310 456
200 485
129 478
292 114
404 470
48 347
132 338
304 468
413 462
77 302
181 145
372 396
238 235
53 6
438 218
266 91
133 140
160 238
390 202
53 355
92 494
142 135
67 401
144 245
452 189
148 488
114 31
237 234
326 437
231 16
293 36
152 336
69 405
176 302
293 307
68 420
246 118
201 257
97 199
198 294
290 59
395 336
308 19
426 95
121 418
233 103
369 444
94 30
314 453
231 206
238 152
197 244
250 497
29 133
51 228
295 117
264 162
378 106
320 499
431 115
431 190
164 428
14 493
236 323
182 322
311 168
177 49
366 95
356 449
268 292
279 266
22 59
53 31
85 5
479 470
153 326
494 307
492 220
134 114
5 115
203 200
424 435
197 374
464 59
213 95
108 14
17 360
413 125
137 52
476 312
0 369
470 139
359 67
61 437
251 319
2 134
415 169
123 155
30 291
39 335
352 307
17 211
419 173
98 200
133 25
146 493
46 462
48 297
188 346
92 282
377 299
230 51
278 343
148 242
318 165
48 204
236 456
84 426
296 242
195 285
356 134
262 368
74 411
407 93
208 472
104 75
208 412
102 287
18 480
250 175
310 63
215 43
283 437
74 390
69 454
216 302
389 368
491 350
478 471
49 71
82 131
22 350
76 464
477 462
484 269
118 99
171 270
386 103
194 239
310 120
365 207
68 287
363 62
184 133
450 3
342 458
279 22
380 315
208 123
8 265
265 285
292 298
92 127
359 412
478 367
162 187
491 217
408 413
255 353
82 62
313 473
334 242
366 360
76 74
51 485
82 47
302 61
164 104
410 124
210 472
347 91
423 243
356 73
