492 2000
365 374
136 85
74 48
45 220
181 155
148 169
192 340
175 56
142 103
130 128
153 316
117 306
111 160
398 478
456 113
66 338
192 110
379 54
101 239
49 409
95 24
203 271
79 197
356 431
324 249
204 295
358 181
279 166
403 384
430 160
81 463
297 357
180 66
139 22
375 443
59 261
227 421
446 268
204 455
408 399
101 491
108 418
407 238
359 479
194 83
328 409
157 439
363 160
317 90
487 155
125 310
465 114
427 6
318 167
400 330
463 89
83 245
475 428
207 480
178 142
407 235
309 48
96 25
21 479
267 240
86 435
23 373
138 4
209 332
26 370
52 182
174 293
190 326
357 104
24 473
31 115
57 390
360 2
51 304
408 177
58 329
79 253
205 412
340 426
39 124
61 28
276 488
391 347
456 209
228 431
416 250
208 320
462 156
434 295
288 300
206 151
39 272
375 10
13 11
196 135
86 195
354 193
327 62
145 0
434 121
212 196
267 248
274 426
277 288
120 153
266 285
299 339
425 215
171 346
284 124
479 438
200 335
62 223
29 401
84 436
385 337
1 243
299 405
226 256
433 93
262 295
302 15
411 1
247 140
312 330
200 308
221 130
335 237
446 439
180 252
111 21
186 147
436 29
245 382
208 61
104 391
27 24
318 418
307 212
270 93
15 424
362 79
163 273
422 267
165 368
168 107
203 415
460 194
197 294
26 163
207 98
234 361
369 114
383 354
363 39
76 457
218 459
276 312
447 483
208 439
116 333
403 306
448 459
175 131
479 65
451 78
161 124
193 58
65 488
402 164
309 4
437 441
456 109
136 171
234 30
424 291
359 70
490 465
88 302
70 197
135 167
187 97
303 1
414 82
375 477
379 363
87 46
142 120
67 278
147 179
33 193
349 31
368 203
37 172
198 258
463 139
46 397
134 477
452 305
319 259
286 136
397 56
181 375
267 23
121 22
31 157
397 129
453 288
116 185
197 33
359 193
226 424
289 376
354 311
484 350
284 232
368 297
260 208
328 369
94 4
280 430
97 402
412 389
89 481
308 59
271 300
208 168
407 292
131 147
144 126
294 244
125 8
245 339
2 34
287 462
78 36
311 263
439 225
266 308
372 322
218 352
374 126
405 260
488 430
391 265
334 423
154 78
452 442
101 12
257 158
413 489
140 211
442 418
60 173
163 451
454 155
31 152
191 234
262 182
434 309
240 177
338 443
37 367
88 379
392 209
318 404
325 14
306 210
89 372
12 316
413 313
330 268
78 184
176 477
197 333
317 483
348 427
195 130
225 293
364 1
363 487
419 97
61 177
79 315
140 146
236 93
361 106
44 12
436 171
121 423
110 219
137 456
109 229
60 47
155 410
426 480
100 206
318 214
312 392
159 69
94 56
214 430
118 472
476 315
66 202
47 454
291 321
270 291
60 278
173 433
177 413
258 454
419 474
482 199
480 102
122 241
444 406
396 224
319 394
152 197
310 294
312 2
407 403
327 178
188 109
448 242
205 43
41 399
154 354
271 450
237 249
336 36
41 11
118 35
205 450
446 317
442 256
311 20
191 34
76 244
151 350
135 330
52 220
437 399
142 468
125 350
174 1
385 438
264 328
137 331
226 326
368 181
365 102
450 193
177 331
334 1
384 430
131 136
174 193
360 435
72 406
145 87
154 272
153 162
124 133
229 266
403 401
253 207
73 226
443 321
166 477
380 475
186 213
433 91
12 257
165 94
60 139
249 467
490 127
271 348
98 319
235 21
144 86
106 344
248 380
35 351
438 187
27 152
409 189
488 50
428 232
350 388
87 81
200 210
236 409
152 189
315 246
29 22
263 337
489 476
312 151
386 457
427 293
109 264
283 21
385 468
267 146
194 404
221 22
477 306
490 163
71 401
404 324
360 81
7 265
79 463
408 219
241 228
179 152
185 436
299 377
435 101
193 162
176 177
125 216
402 437
298 158
231 112
405 287
453 372
268 23
357 463
198 145
97 386
95 441
86 418
409 303
351 281
79 151
179 138
232 482
378 297
141 332
38 396
455 409
120 64
48 211
475 34
412 18
410 71
391 304
415 37
109 335
352 273
296 155
185 360
322 299
347 424
466 120
56 423
218 180
201 474
316 440
358 392
145 370
383 259
11 28
74 132
354 328
68 279
3 174
236 47
465 46
442 422
251 389
452 453
311 76
280 177
272 150
325 36
315 159
475 40
397 44
15 386
401 72
32 221
238 159
307 287
353 171
371 215
139 231
297 252
484 411
111 14
328 72
208 112
312 402
302 149
319 440
364 104
1 166
241 69
358 252
191 198
88 374
99 28
440 170
462 20
218 121
105 372
207 50
269 484
245 405
56 160
81 264
385 316
449 371
442 358
196 333
4 63
17 81
390 23
405 4
484 209
465 491
464 435
204 410
380 397
405 397
82 59
122 302
412 53
158 468
330 389
374 84
12 250
356 331
285 282
122 286
334 134
323 45
414 181
131 440
276 190
479 9
96 37
469 42
473 457
50 219
288 344
14 92
478 243
151 197
72 96
269 125
82 174
46 161
195 486
376 100
484 66
349 152
86 140
237 444
106 328
158 358
205 136
337 408
87 481
138 241
186 167
432 268
29 167
368 21
96 82
200 413
378 125
419 204
56 469
54 45
396 391
180 433
354 225
315 433
122 157
204 119
213 231
184 53
175 14
319 381
366 225
181 105
239 121
487 398
20 469
101 279
255 443
286 437
433 396
328 391
419 195
389 466
145 119
390 69
317 185
111 150
418 419
20 17
437 194
207 384
485 123
117 480
41 376
39 184
136 369
184 49
211 233
176 370
216 379
179 232
369 439
431 166
24 229
363 177
401 191
236 334
397 356
233 100
25 375
341 87
30 226
461 447
419 351
349 166
97 463
289 122
273 368
252 47
371 201
199 132
125 203
76 242
195 217
243 279
98 397
187 481
178 23
281 92
401 310
347 275
355 378
152 251
445 258
363 73
254 324
119 341
481 360
390 216
442 306
464 351
154 263
277 222
267 406
216 432
4 386
193 202
224 174
215 252
189 1
477 406
400 26
74 388
4 330
154 295
156 451
397 263
233 64
41 314
218 58
205 276
327 402
35 454
443 132
455 475
463 269
94 454
283 272
299 356
421 201
343 282
271 215
77 223
440 225
113 384
54 14
72 322
442 188
22 347
384 258
262 149
415 276
29 345
328 140
7 470
37 237
365 384
292 277
276 213
459 374
63 29
231 62
263 268
151 112
428 131
274 351
244 98
307 356
293 11
420 227
340 476
84 90
150 166
166 387
51 289
59 94
114 188
73 418
367 151
153 177
247 439
258 173
188 57
252 486
365 407
362 259
322 166
385 210
132 317
81 82
181 487
217 290
416 339
143 297
91 105
127 155
94 31
34 470
407 378
342 229
40 226
333 309
170 420
395 479
267 344
349 455
232 370
137 120
212 151
325 226
412 103
207 484
219 266
66 88
36 348
147 58
9 275
418 93
305 8
435 58
203 351
128 456
392 206
193 364
309 64
72 256
253 143
392 215
129 212
479 110
22 60
76 25
108 369
463 183
273 155
266 361
360 463
18 61
421 441
108 152
40 130
284 173
296 365
100 373
172 34
148 188
48 332
52 259
24 198
425 209
150 400
49 228
45 177
175 215
227 309
193 393
368 311
447 176
477 325
187 200
381 267
86 294
321 265
101 420
394 126
253 224
276 459
405 14
143 126
346 413
102 356
300 39
103 485
317 277
271 202
463 365
385 141
214 376
160 70
130 429
209 216
325 276
110 353
319 423
162 145
169 250
145 362
87 367
272 388
412 75
151 237
412 268
322 173
300 170
129 337
436 276
243 386
44 333
457 370
206 453
166 27
478 153
411 152
20 230
443 259
489 48
113 281
34 218
103 239
33 360
206 12
202 135
130 412
189 445
174 152
220 118
356 114
96 15
14 89
270 227
82 352
142 147
26 390
54 189
353 134
235 411
87 134
319 157
329 299
177 42
332 160
116 470
240 230
461 292
466 312
19 426
387 290
217 251
157 276
314 108
19 39
116 360
281 54
332 28
281 4
439 486
337 25
334 61
125 119
440 283
123 139
246 260
337 307
14 56
232 298
15 455
395 190
306 400
249 266
13 145
101 171
198 286
136 27
173 422
140 458
161 146
362 31
389 437
200 145
250 11
232 331
457 92
41 396
441 49
472 13
251 135
190 104
17 31
470 190
96 295
271 398
209 267
27 487
419 244
341 259
486 309
347 156
187 107
277 454
217 310
196 0
125 156
104 317
161 295
253 264
240 455
374 174
21 463
125 244
124 164
278 138
194 228
336 433
344 389
371 204
77 97
220 380
22 100
345 315
224 170
17 187
182 91
145 280
42 338
34 140
255 2
305 474
443 258
101 316
403 438
140 484
204 488
366 91
4 354
321 272
397 470
359 326
244 394
295 116
104 231
218 254
216 110
226 118
40 34
259 394
146 41
106 348
463 67
275 440
425 34
386 489
131 37
191 351
101 263
354 89
412 471
469 183
40 394
277 193
220 350
258 331
375 232
63 152
275 412
65 231
183 318
294 98
27 95
403 278
156 191
341 435
34 240
67 456
315 391
409 372
125 395
258 451
410 450
283 346
281 394
379 353
343 197
99 472
253 407
83 209
436 231
167 155
14 184
422 344
128 39
179 42
296 404
400 413
291 248
154 394
470 193
57 33
167 276
163 283
441 59
280 486
193 93
263 452
349 121
197 180
487 175
73 221
224 189
484 206
362 193
204 212
41 194
296 218
219 249
366 294
167 349
264 488
53 468
166 422
87 387
231 226
80 161
413 190
405 220
394 469
433 245
166 366
29 171
49 24
306 209
213 465
459 380
328 211
28 353
259 444
27 303
133 381
240 99
155 348
236 190
153 261
298 11
22 474
467 319
193 399
373 323
380 38
53 232
419 436
277 302
203 248
409 7
202 132
357 273
90 346
287 292
96 123
399 405
65 428
46 223
18 43
25 335
400 383
84 244
151 201
150 56
477 7
421 91
432 280
273 157
223 246
411 61
437 174
430 19
220 217
314 150
36 109
87 249
136 129
359 22
108 323
42 305
465 264
483 47
219 197
410 435
305 485
299 482
387 278
447 431
247 470
246 201
254 369
337 232
215 290
130 108
488 476
191 481
124 103
250 12
379 452
302 1
153 446
487 231
351 417
125 107
105 179
191 419
180 270
157 403
106 390
169 425
441 94
63 387
221 436
79 264
355 102
209 111
177 425
255 258
288 191
279 472
200 301
342 68
259 27
417 363
163 314
37 395
283 236
261 399
400 29
351 145
332 398
28 94
146 29
98 356
84 176
68 103
491 172
125 314
3 130
373 381
454 166
25 359
27 174
473 66
44 159
229 285
32 276
102 218
348 449
307 458
160 55
348 393
318 299
35 254
482 113
57 82
104 335
484 225
269 25
0 400
344 151
15 367
216 50
222 224
27 355
439 410
50 147
425 349
123 383
402 183
280 249
372 164
213 288
120 265
326 315
144 217
483 379
126 133
388 412
306 69
3 29
242 408
372 238
472 222
90 61
68 241
3 438
73 121
118 300
24 95
141 372
184 177
386 117
462 229
360 410
473 327
242 401
83 304
246 53
377 178
458 203
448 15
423 277
214 314
141 295
481 91
284 251
201 396
1 383
88 319
251 165
397 190
361 242
380 485
74 411
377 361
434 294
291 25
177 53
378 195
27 44
191 201
138 397
480 52
13 471
260 212
376 292
411 90
335 60
201 108
409 464
135 31
138 465
390 254
217 204
362 32
50 74
363 255
261 126
381 288
334 154
478 279
139 236
149 222
53 278
252 138
47 240
143 343
451 288
174 442
375 131
70 263
294 408
158 321
48 313
238 79
56 172
407 343
338 116
336 434
324 328
163 30
246 376
244 403
378 452
348 376
461 456
160 443
320 19
150 316
181 8
60 45
331 225
30 366
354 249
310 99
465 418
397 203
69 91
217 9
200 141
271 339
475 9
132 473
156 118
190 2
321 11
451 241
115 365
332 152
397 371
107 31
216 111
219 377
32 305
468 329
21 13
378 490
236 147
306 221
408 100
460 99
99 75
120 239
293 82
38 5
281 324
271 288
346 172
49 231
191 87
66 146
196 109
348 413
360 311
22 216
208 421
115 148
54 130
53 372
444 123
460 26
361 301
39 471
477 23
35 172
253 189
229 393
117 62
475 54
129 262
157 333
226 1
379 18
57 376
222 32
148 228
145 266
198 250
385 33
52 417
190 274
387 491
447 352
34 170
164 133
190 433
390 336
380 450
334 33
182 383
19 258
464 274
402 148
201 135
25 378
302 2
102 394
101 8
24 36
238 318
25 424
275 151
282 318
295 467
218 353
243 159
157 18
152 387
189 429
365 52
152 76
238 158
180 279
453 1
443 2
288 150
434 480
92 79
195 274
38 415
20 459
124 427
466 1
81 80
232 320
76 427
259 161
411 141
30 484
313 32
201 249
148 284
150 250
64 117
490 272
210 312
291 122
159 457
456 104
207 167
316 142
147 478
320 451
430 196
6 43
367 226
231 295
437 362
152 21
482 221
196 155
91 411
434 226
348 124
82 287
459 337
114 35
179 475
229 131
271 30
32 486
303 445
366 212
246 255
89 401
21 153
286 94
91 51
280 346
61 114
151 129
54 402
226 232
341 116
87 329
477 460
93 259
56 149
282 156
66 321
66 340
242 329
85 403
280 469
391 111
152 454
416 199
304 378
224 44
14 363
67 212
421 72
148 221
428 2
275 72
6 489
131 84
116 132
142 472
121 78
200 433
119 95
440 370
331 113
223 389
117 428
46 374
414 306
409 368
270 324
318 313
309 465
255 334
411 153
226 254
395 279
38 387
415 118
464 162
431 37
227 298
130 454
310 129
25 172
289 118
12 203
7 398
37 121
335 32
83 233
437 462
187 483
336 248
262 132
162 423
427 151
446 141
432 308
391 299
14 188
24 174
484 306
302 392
267 236
0 67
347 106
194 182
339 305
384 30
313 417
256 464
56 450
50 37
205 488
385 2
337 389
33 262
73 182
411 189
111 169
477 326
287 189
159 223
25 439
171 470
190 37
81 201
163 247
343 255
462 14
52 411
233 322
245 475
155 271
380 236
445 470
213 404
471 111
353 209
38 169
412 381
203 468
126 409
462 316
178 237
144 104
3 331
465 139
42 187
304 208
265 303
105 265
138 314
383 303
465 109
364 203
193 297
38 13
197 355
316 483
27 172
187 307
365 388
223 421
326 186
405 270
405 476
475 335
391 327
29 299
270 87
248 221
337 483
433 474
386 412
82 42
156 306
406 371
484 120
20 257
55 361
490 289
224 478
119 189
434 39
160 164
303 340
154 336
187 214
435 79
187 424
83 391
262 143
250 62
167 55
131 454
121 336
54 436
473 396
5 362
66 225
167 183
165 116
208 248
42 304
181 207
486 465
422 49
265 359
75 0
156 292
132 134
310 79
281 262
120 43
464 389
134 126
229 373
88 0
301 252
136 90
249 73
42 106
10 304
80 302
179 296
83 358
45 13
156 419
76 347
472 221
191 135
467 159
93 408
110 166
271 112
15 347
441 30
116 335
7 89
293 457
482 225
464 257
93 131
172 210
367 365
222 149
177 304
111 302
309 107
214 287
459 347
393 177
96 274
167 197
54 121
168 185
168 336
246 286
409 23
347 381
165 443
6 301
76 411
121 139
243 166
226 179
402 184
401 463
189 133
172 419
63 71
335 88
164 231
4 402
473 397
423 45
404 22
69 246
17 311
305 428
28 197
178 76
240 76
91 22
208 217
186 379
296 94
237 471
472 230
461 308
30 83
41 482
109 201
459 84
383 459
403 470
228 322
352 358
101 22
30 384
162 451
173 399
23 177
221 488
375 5
251 160
61 358
371 69
478 454
23 431
337 480
417 444
317 219
141 398
139 21
62 329
274 90
183 286
61 273
226 239
205 321
454 361
226 3
285 418
308 316
215 408
402 262
482 230
49 88
489 149
43 295
326 192
166 457
3 364
334 369
459 228
482 351
89 232
417 41
374 352
7 56
163 472
87 118
427 132
65 173
108 303
425 79
108 80
205 471
417 179
114 197
155 408
469 81
289 110
279 39
428 432
57 328
389 414
456 29
167 437
303 6
250 374
36 114
158 119
6 19
420 150
46 120
120 421
397 164
73 406
136 408
141 363
205 189
124 470
160 358
82 138
314 194
205 456
389 49
339 93
267 89
104 83
18 186
290 490
403 422
411 22
427 311
322 284
427 267
71 266
122 376
459 40
153 292
110 330
384 144
311 380
286 113
173 332
276 373
432 321
139 133
447 428
195 303
14 270
325 344
335 206
454 102
278 218
490 321
411 11
426 280
52 147
178 90
339 281
192 164
274 5
163 270
263 479
391 213
15 24
254 334
147 323
196 190
228 124
85 171
371 448
341 181
324 346
428 202
468 26
164 28
148 385
70 488
362 146
178 437
241 98
468 222
87 470
23 412
314 447
380 87
28 220
326 273
116 266
295 402
387 37
253 441
24 152
124 12
283 349
240 333
167 233
49 98
475 468
222 428
221 157
313 250
326 137
133 14
23 79
436 396
154 69
287 35
61 423
24 177
72 240
102 351
224 327
412 11
468 456
205 11
315 455
159 170
285 26
422 150
408 460
284 138
122 140
310 362
221 226
281 402
292 291
226 291
287 181
19 42
319 81
68 478
7 411
136 425
473 15
372 306
484 33
14 372
128 293
278 100
8 126
248 413
315 374
212 372
55 227
447 268
427 178
114 448
71 455
275 209
90 274
103 205
7 295
456 39
41 50
464 294
258 158
119 60
422 469
99 278
340 217
439 337
202 36
160 369
436 367
210 450
302 204
198 78
33 130
203 396
230 263
325 451
95 240
375 329
249 375
129 10
144 123
477 49
304 287
477 366
440 100
159 63
168 175
167 37
357 416
372 277
22 163
333 387
463 290
182 250
261 307
376 116
248 417
53 348
461 293
68 400
348 418
181 142
